0 346896 0 0
50 345612 1284 0
100 343864 3032 0
150 342112 4784 0
200 340367 6529 0
250 338617 8279 0
300 336869 10027 0
350 335119 11777 0
400 333371 13525 0
450 331619 15277 0
500 329871 17025 0
550 328119 18777 0
600 326373 20514 9
650 324623 22250 23
700 322878 23986 32
750 321128 25731 37
800 319384 27432 80
850 317639 29107 150
900 315893 30777 226
950 314143 32437 316
1000 312398 34070 428
1050 310652 35700 544
1100 308904 37319 673
1150 307165 38929 802
1200 305422 40481 993
1250 303676 42023 1197
1300 301936 43570 1390
1350 300186 45089 1621
1400 298443 46542 1911
1450 296700 47997 2199
1500 294955 49462 2479
1550 293208 50901 2787
1600 291466 52358 3072
1650 289718 53806 3372
1700 287974 55263 3659
1750 286229 56677 3990
1800 284482 58108 4306
1850 282738 59536 4622
1900 280996 60941 4959
1950 279249 62329 5318
2000 277507 63705 5684
2050 275769 65071 6056
2100 274030 66388 6478
2150 272285 67724 6887
2200 270554 69023 7319
2250 268822 70282 7792
2300 267081 71564 8251
2350 265334 72840 8722
2400 263595 74108 9193
2450 261858 75370 9668
2500 260118 76642 10136
2550 258374 77922 10600
2600 256634 79162 11100
2650 254893 80389 11614
2700 253152 81588 12156
2750 251410 82789 12697
2800 249676 83979 13241
2850 247942 85159 13795
2900 246205 86319 14372
2950 244465 87473 14958
3000 242725 88662 15509
3050 240995 89830 16071
3100 239270 90948 16678
3150 237539 92036 17321
3200 235806 93160 17930
3250 234070 94260 18566
3300 232329 95390 19177
3350 230598 96480 19818
3400 228870 97564 20462
3450 227145 98634 21117
3500 225414 99700 21782
3550 223681 100748 22467
3600 221944 101808 23144
3650 220213 102833 23850
3700 218488 103850 24558
3750 216772 104844 25280
3800 215043 105807 26046
3850 213329 106777 26790
3900 211609 107776 27511
3950 209887 108756 28253
4000 208171 109757 28968
4050 206446 110691 29759
4100 204739 111633 30524
4150 203022 112593 31281
4200 201319 113503 32074
4250 199650 114331 32915
4300 198000 115177 33719
4350 196371 115966 34559
4400 194737 116772 35387
4450 193173 117527 36196
4500 191588 118278 37030
4550 190044 118947 37905
4600 188534 119613 38749
4650 187041 120289 39566
4700 185587 120944 40365
4750 184146 121570 41180
4800 182769 122123 42004
4850 181431 122612 42853
4900 180072 123107 43717
4950 178728 123625 44543
5000 177374 124104 45418
5050 175986 124626 46284
5100 174633 125127 47136
5150 173316 125570 48010
5200 172001 126018 48877
5250 170721 126424 49751
5300 169446 126844 50606
5350 168190 127214 51492
5400 166965 127529 52402
5450 165735 127881 53280
5500 164509 128236 54151
5550 163290 128592 55014
5600 162101 128895 55900
5650 160904 129230 56762
5700 159700 129531 57665
5750 158512 129790 58594
5800 157355 130050 59491
5850 156183 130338 60375
5900 155040 130610 61246
5950 153920 130864 62112
6000 152809 131095 62992
6050 151763 131238 63895
6100 150741 131369 64786
6150 149706 131527 65663
6200 148722 131657 66517
6250 147711 131791 67394
6300 146721 131879 68296
6350 145713 132017 69166
6400 144743 132120 70033
6450 143772 132247 70877
6500 142795 132351 71750
6550 141861 132420 72615
6600 140952 132490 73454
6650 140079 132484 74333
6700 139188 132505 75203
6750 138341 132509 76046
6800 137484 132519 76893
6850 136647 132546 77703
6900 135836 132555 78505
6950 135041 132539 79316
7000 134233 132545 80118
7050 133443 132535 80918
7100 132675 132539 81682
7150 131923 132552 82421
7200 131234 132478 83184
7250 130567 132389 83940
7300 129924 132264 84708
7350 129264 132155 85477
7400 128599 132098 86199
7450 127900 132093 86903
7500 127264 132045 87587
7550 126595 131998 88303
7600 125935 131971 88990
7650 125256 132036 89604
7700 124607 132046 90243
7750 123996 132006 90894
7800 123426 131918 91552
7850 122887 131824 92185
7900 122365 131708 92823
7950 121850 131648 93398
8000 121340 131557 93999
8050 120814 131551 94531
8100 120323 131492 95081
8150 119860 131401 95635
8200 119415 131338 96143
8250 118901 131385 96610
8300 118490 131314 97092
8350 118049 131289 97558
8400 117629 131254 98013
8450 117232 131261 98403
8500 116857 131183 98856
8550 116428 131197 99271
8600 116027 131152 99717
8650 115593 131197 100106
8700 115221 131171 100504
8750 114864 131166 100866
8800 114526 131185 101185
8850 114215 131141 101540
8900 113923 131109 101864
8950 113613 131148 102135
9000 113319 131139 102438
9050 112986 131144 102766
9100 112721 131114 103061
9150 112462 131115 103319
9200 112178 131135 103583
9250 111975 131106 103815
9300 111753 131090 104053
9350 111518 131143 104235
9400 111357 131153 104386
9450 111168 131152 104576
9500 111014 131169 104713
9550 110850 131145 104901
9600 110698 131124 105074
9650 110554 131094 105248
9700 110401 131087 105408
9750 110291 131117 105488
9800 110156 131141 105599
9850 110049 131144 105703
9900 109964 131156 105776
9950 109890 131149 105857
10000 109794 131151 105951
10050 109726 131097 106073
10100 109651 131053 106192
10150 109571 131056 106269
10200 109522 131054 106320
10250 109424 131102 106370
10300 109359 131153 106384
10350 109288 131233 106375
10400 109246 131276 106374
10450 109232 131291 106373
10500 109199 131248 106449
10550 109118 131226 106552
10600 109041 131254 106601
10650 109013 131274 106609
10700 108947 131344 106605
10750 108894 131370 106632
10800 108872 131404 106620
10850 108824 131402 106670
10900 108769 131482 106645
10950 108759 131443 106694
11000 108738 131434 106724
11050 108696 131448 106752
11100 108656 131475 106765
11150 108613 131497 106786
11200 108570 131612 106714
11250 108501 131696 106699
11300 108431 131711 106754
11350 108381 131723 106792
11400 108302 131780 106814
11450 108235 131885 106776
11500 108190 131987 106719
11550 108129 132056 106711
11600 108113 132115 106668
11650 108104 132105 106687
11700 108075 132143 106678
11750 108059 132146 106691
11800 108028 132196 106672
11850 107984 132234 106678
11900 107961 132263 106672
11950 107941 132249 106706
12000 107964 132234 106698
12050 108005 132235 106656
12100 108012 132269 106615
12150 108080 132193 106623
12200 108108 132162 106626
12250 108149 132128 106619
12300 108165 132152 106579
12350 108225 132088 106583
12400 108220 132038 106638
12450 108256 131984 106656
12500 108281 131938 106677
12550 108252 131942 106702
12600 108258 131896 106742
12650 108300 131848 106748
12700 108304 131831 106761
12750 108396 131724 106776
12800 108422 131665 106809
12850 108479 131570 106847
12900 108550 131511 106835
12950 108614 131452 106830
13000 108598 131490 106808
13050 108608 131455 106833
13100 108620 131435 106841
13150 108640 131428 106828
13200 108626 131452 106818
13250 108575 131535 106786
13300 108571 131582 106743
13350 108524 131626 106746
13400 108515 131658 106723
13450 108487 131733 106676
13500 108459 131762 106675
13550 108418 131801 106677
13600 108368 131896 106632
13650 108378 131842 106676
13700 108422 131814 106660
13750 108426 131831 106639
13800 108454 131836 106606
13850 108428 131869 106599
13900 108438 131827 106631
13950 108449 131847 106600
14000 108456 131909 106531
14050 108439 131991 106466
14100 108441 132033 106422
14150 108453 132030 106413
14200 108499 131980 106417
14250 108530 132003 106363
14300 108524 132035 106337
14350 108581 132017 106298
14400 108619 131990 106287
14450 108615 131982 106299
14500 108634 131927 106335
14550 108624 131925 106347
14600 108619 131919 106358
14650 108595 131994 106307
14700 108640 131942 106314
14750 108661 131918 106317
14800 108686 131900 106310
14850 108722 131857 106317
14900 108741 131790 106365
14950 108762 131750 106384
15000 108811 131676 106409
